0b000601 0b000201 10000 100 1000000 150 8346516 8420000 8346666 6 2 1 0
0b000101 0b000501 10000 100 1000000 150 8346516 8420000 8346666 1 5 1 0
0b000201 0b000601 10000 100 1000000 150 8380168 8420000 8380318 2 6 1 0
0b000501 0b000101 10000 100 1000000 150 8380168 8420000 8380318 5 1 1 0
0b000301 0b000701 10000 100 1000000 150 16609652 8420000 16609802 3 7 1 0
0b000401 0b000001 10000 100 1000000 150 16609652 8420000 16609802 4 0 1 0
0b000001 0b000401 10000 100 1000000 150 24890864 8420000 24891014 0 4 1 0
0b000701 0b000301 10000 100 1000000 150 24890864 8420000 24891014 7 3 1 0
0b000301 0b000101 10000 100 2000000 24891164 16593076 16786000 41484240 3 1 1 0
0b000401 0b000601 10000 100 2000000 24891164 16593076 16786000 41484240 4 6 1 0
0b000701 0b000501 10000 100 2000000 24891164 16593076 16786000 41484240 7 5 1 0
0b000001 0b000201 10000 100 2000000 24891164 16593076 16786000 41484240 0 2 1 0
0b000201 0b000001 10000 100 2000000 24891164 33161288 16786000 58052452 2 0 1 0
0b000501 0b000701 10000 100 2000000 24891164 33161288 16786000 58052452 5 7 1 0
0b000601 0b000401 10000 100 2000000 24891164 33161288 16786000 58052452 6 4 1 0
0b000101 0b000301 10000 100 2000000 24891164 33161288 16786000 58052452 1 3 1 0
0b000101 0b000001 10000 100 4000000 58052602 33152500 33545000 91205102 1 0 1 0
0b000601 0b000701 10000 100 4000000 58052602 33152500 33545000 91205102 6 7 1 0
0b000501 0b000401 10000 100 4000000 58052602 33152500 33545000 91205102 5 4 1 0
0b000201 0b000301 10000 100 4000000 58052602 33152500 33545000 91205102 2 3 1 0
0b000001 0b000101 10000 100 4000000 58052602 33152500 33545000 91205102 0 1 1 0
0b000701 0b000601 10000 100 4000000 58052602 33152500 33545000 91205102 7 6 1 0
0b000401 0b000501 10000 100 4000000 58052602 33152500 33545000 91205102 4 5 1 0
0b000301 0b000201 10000 100 4000000 58052602 33152500 33545000 91205102 3 2 1 0
